52111
53414
22353
5306
45544
9132
34845
24731
17573
663
50303
32665
40178
36554
37177
27532
55134
48592
20306
12191
15198
63303
54198
59862
26287
60615
5941
6465
25217
6483
29402
11792
59897
51756
17098
39906
60888
51943
64637
12925
52606
49404
45590
27249
20422
17231
54781
10020
287
9551
22211
15485
7318
10874
9812
33605
5953
15753
40070
31170
22236
3937
42962
16597
55693
60060
56503
51045
46467
55604
63970
33538
39472
44024
60787
59895
61255
50032
4379
61542
59583
26591
11492
1366
37465
21304
34971
43418
37057
9506
9053
59293
13443
52015
10354
3600
46540
1322
54645
27471
56926
53079
61009
30863
31567
56260
25222
27286
40756
29601
23292
34804
56192
34784
36170
28121
56088
5605
6004
27609
15111
15057
21366
28554
1536
31721
32154
48076
33043
21263
10012
24433
8806
5485
55296
40373
61746
14982
2123
36966
44584
25416
6234
35240
60200
42404
63362
50753
48010
3830
12826
63121
18887
34193
26140
20423
378
58294
2964
33421
14022
12976
57854
22828
18461
47615
63202
14671
62597
65325
51638
41645
25205
57872
11350
19870
34741
9176
5087
17215
13006
17913
14800
31893
52106
40940
52316
52484
33699
55280
20369
47721
2720
12688
5013
21182
60303
2679
35853
57364
2469
21955
33474
27674
14292
44824
47544
49033
54000
52631
712
1470
5009
15512
33363
57115
56453
20143
44064
24616
9888
64433
6801
12608
11585
11814
33790
6352
14494
4108
63717
16963
26063
31655
44637
40355
10943
26646
23852
64943
13741
24564
877
18750
40077
34240
10330
30994
54383
54394
55610
64271
53291
62411
11344
64877
8689
45134
5693
23183
49242
3874
40146
9770
35529
19248
50125
46472
45894
8442
45879
59635
33006
46756
12850
7547
15460
23180
38541
4308
12038
28615
3043
65329
25490
14387
64670
34180
59522
4828
57363
43228
8702
31974
52998
44232
51222
37588
25168
31580
46030
5512
25679
13500
52268
38529
21048
2193
61709
59589
6501
8211
22669
9544
8005
48159
23932
7139
16803
17918
11967
8631
61146
20670
40605
48609
64902
26291
20661
24534
57871
1155
30046
18014
14655
16779
56544
35703
18972
52717
29757
25473
60929
52426
35017
3398
35049
58949
10537
51853
11331
22505
60484
6942
43175
35553
55551
42541
61844
10676
1539
54179
11831
31586
6657
26486
48365
63201
62190
1801
50383
26411
27274
45776
13301
62291
49174
48350
55705
59711
34667
1500
16680
29615
8442
59855
65168
63993
36860
61476
9133
38400
50119
20964
4450
56777
47451
52815
54442
44105
54616
39289
4980
16354
19529
18281
13109
3167
1095
3278
62879
35763
4779
14023
65378
13221
8343
65011
11679
45203
60951
20812
18067
45535
41777
22517
36776
23692
9796
25682
2261
64412
64972
7241
15230
18965
25522
28340
22133
26617
31618
19476
62380
36397
33499
62223
49619
41842
61698
61298
21510
57113
16574
39577
37112
58351
62095
8352
16507
6355
34035
18768
5232
33471
26009
20462
52436
51531
48802
9033
12613
14885
28509
9457
51282
62009
6144
35365
38315
2306
31127
59825
59420
47702
33867
30996
40517
30426
39349
57025
36781
7848
10257
42013
41319
36267
62476
28219
22262
45742
37253
34875
60627
226
44333
46374
62235
50477
16203
35015
52784
47331
29304
46668
29497
63171
12128
4478
28061
51477
61503
64843
59325
6225
41320
35108
42492
38260
63328
64754
18467
35045
34094
13558
35271
12891
59932
31971
63368
10600
1450
50616
57931
30754
31748
21892
28390
43877
26370
56451
29818
22338
55758
23608
28563
31543
58716
5519
4267
56508
4737
22734
26017
38831
36293
61289
51722
30689
27724
49555
41289
29174
34635
33684
59928
848
55576
22782
44725
16411
13698
9007
38749
3920
32615
1776
35463
25796
7295
39731
16768
12032
62465
42786
50864
33222
38539
37050
63912
727
21069
39665
29901
55705
7814
24293
56553
63390
47076
35742
14265
60774
44749
53014
64694
11829
54790
34622
37625
62085
8817
54393
8582
5746
31643
59446
38969
4646
30960
37345
5373
52030
11474
35274
42199
19288
59568
33216
17143
41108
3422
31408
36346
48171
18887
35504
60000
8141
4590
32089
4691
13407
20947
13273
19154
52590
7183
58123
57237
38143
29932
62610
24637
41406
32349
1300
60695
26381
34516
12302
1953
37938
43710
38299
20574
62597
8267
15038
5203
12858
47128
9894
26265
2539
23167
45419
55129
30350
38006
46830
2957
2402
43905
27595
43809
10718
28895
38968
37099
63412
51270
39052
35814
29444
11815
56388
26506
20082
5891
31709
32940
53019
41603
59206
55558
64770
39089
45151
29584
11560
26446
32541
13962
4815
60136
57771
15533
23496
31203
52632
21372
16937
26148
57186
46382
37963
48039
7352
58045
53930
39061
25450
41413
15128
19120
31435
14362
58209
11050
43946
4233
37496
10951
18196
42311
5552
10431
57844
29048
41635
44940
50420
58572
5552
42070
39418
43515
24573
46770
36025
12967
20295
61475
54380
35423
15059
20279
49785
7732
31330
28195
11966
3290
39147
30162
45602
44699
40593
37910
8211
16692
17315
58631
9729
22867
35165
49147
847
59739
30382
36872
7170
50677
32811
61551
20565
47870
16294
4814
55602
47624
33010
2032
50915
6621
32194
30981
51320
7252
3355
59531
23944
20670
52626
33673
43538
22255
17285
44385
16458
47667
15721
23629
32808
48532
19644
53373
30866
35938
58188
20932
18027
25662
22965
3406
32283
55159
34387
18067
62411
37742
12062
20820
58413
64688
54493
36415
21407
6242
15264
37866
53909
30985
61495
21182
13981
15603
9019
44847
51541
1671
243
4032
27333
23208
7438
59616
12832
41825
12147
9707
14032
24209
30527
6909
23361
19485
43324
44769
25727
58588
17099
14101
24037
13058
35283
38018
28661
44302
17329
14666
45974
17572
18699
7771
40781
26137
1852
53613
2427
13999
63320
16459
38209
28312
23368
61570
47797
1156
40803
7988
59744
57902
22089
18245
5424
57372
56263
34085
36139
8056
48752
16577
25628
1915
24348
873
28052
26200
54486
30479
40200
52271
46938
12873
15047
4770
8907
62844
5926
49711
5296
134
42077
27386
18379
47502
19222
9106
16051
55361
17162
64803
6402
42791
1182
30751
43664
29235
56951
32615
59714
31615
19350
41117
44488
34397
45887
53396
31705
51814
37571
37001
51948
14112
64387
4792
61614
18074
13898
12130
7899
31061
11397
14302
8316
12580
45053
51980
41815
